#1 1.4999999999
#2 1.0306534300
#3 462.5504629632
#4 1.4060952085 2.5939047915
#5 2.5328594461 3.7271944335 6.0999536409
#6 6.3428568767 11.5477377494 15.9641592998 24.9267991616
#7 57.8805685415 81.8651598882 91.0573691381 105.0835650491 133.2934094881
#8 74.2211477710 190.6837563314 305.8269181686 348.3304429926 470.2694219294 555.4943093853
#9 21.5171374463 47.9890597763 68.6536668433 82.9131954024 95.0052272762 99.1999097771 116.4978330952
#10 11.5573600055 24.0238341338 38.4847676134 44.6137453708 64.7500445424 126.9908128981 184.3221650928 197.9760596291 266.0574653676
